0 1 1
0.01 1.23118 1.23118
0.02 1.4454 1.4454
0.03 1.64368 1.64368
0.04 1.82696 1.82696
0.05 1.99615 1.99615
0.06 2.1521 2.1521
0.07 2.29563 2.29563
0.08 2.42752 2.42752
0.09 2.54849 2.54849
0.1 2.65924 2.65924
0.11 2.76043 2.76043
0.12 2.85267 2.85267
0.13 2.93658 2.93658
0.14 3.01269 3.01269
0.15 3.08154 3.08154
0.16 3.14364 3.14364
0.17 3.19945 3.19945
0.18 3.24943 3.24943
0.19 3.294 3.294
0.2 3.33357 3.33357
0.21 3.36851 3.36851
0.22 3.39919 3.39919
0.23 3.42595 3.42595
0.24 3.44911 3.44911
0.25 3.46899 3.46899
0.26 3.48589 3.48589
0.27 3.50007 3.50007
0.28 3.51181 3.51181
0.29 3.52136 3.52136
0.3 3.52897 3.52897
0.31 3.53487 3.53487
0.32 3.53928 3.53928
0.33 3.54241 3.54241
0.34 3.54448 3.54448
0.35 3.54568 3.54568
0.36 3.5462 3.5462
0.37 3.54623 3.54623
0.38 3.54595 3.54595
0.39 3.54553 3.54553
0.4 3.54515 3.54515
0.41 3.54497 3.54497
0.42 3.54516 3.54516
0.43 3.54586 3.54586
0.44 3.54725 3.54725
0.45 3.54946 3.54946
0.46 3.55266 3.55266
0.47 3.55698 3.55698
0.48 3.56257 3.56257
0.49 3.56957 3.56957
0.5 3.57813 3.57813
0.51 3.58837 3.58837
0.52 3.60043 3.60043
0.53 3.61444 3.61444
0.54 3.63054 3.63054
0.55 3.64883 3.64883
0.56 3.66945 3.66945
0.57 3.69252 3.69252
0.58 3.71814 3.71814
0.59 3.74642 3.74642
0.6 3.77747 3.77747
0.61 3.81139 3.81139
0.62 3.84826 3.84826
0.63 3.88817 3.88817
0.64 3.93121 3.93121
0.65 3.97743 3.97743
0.66 4.02691 4.02691
0.67 4.07969 4.07969
0.68 4.13582 4.13582
0.69 4.19532 4.19532
0.7 4.25821 4.25821
0.71 4.32451 4.32451
0.72 4.39419 4.39419
0.73 4.46725 4.46725
0.74 4.54363 4.54363
0.75 4.62329 4.62329
0.76 4.70615 4.70615
0.77 4.7921 4.7921
0.78 4.88105 4.88105
0.79 4.97284 4.97284
0.8 5.06733 5.06733
0.81 5.16432 5.16432
0.82 5.2636 5.2636
0.83 5.36493 5.36493
0.84 5.46804 5.46804
0.85 5.57263 5.57263
0.86 5.67837 5.67837
0.87 5.78489 5.78489
0.88 5.89179 5.89179
0.89 5.99863 5.99863
0.9 6.10492 6.10492
0.91 6.21014 6.21014
0.92 6.31373 6.31373
0.93 6.41508 6.41508
0.94 6.51353 6.51353
0.95 6.60837 6.60837
0.96 6.69885 6.69885
0.97 6.78415 6.78415
0.98 6.8634 6.8634
0.99 6.93568 6.93568
1 7 7
