0 0 0 0 0 0 0 0 0 0 90 0 0
0.05 8.28576e-06 0.000269165 2.67321e-05 0.000488647 0.0160062 0.00160243 0.0188704 0.628804 0.0639738 90 0.109536 3.64507
0.1 6.29304e-05 0.00209633 0.000213217 0.00182167 0.0617579 0.00638262 0.0338185 1.19034 0.127077 90 0.195058 6.833
0.15 0.000201359 0.0068859 0.000717161 0.00380949 0.133956 0.0142894 0.0451059 1.68741 0.189051 90 0.258547 9.58185
0.2 0.000451843 0.0158811 0.00169344 0.0062756 0.229435 0.0252571 0.0529939 2.12283 0.249638 90 0.30193 11.9197
0.25 0.000834159 0.0301712 0.00329348 0.00905658 0.345157 0.0392045 0.0577442 2.49942 0.308577 90 0.327077 13.8793
0.3 0.00136024 0.0506981 0.00566456 0.0120021 0.478213 0.0560349 0.0596181 2.81998 0.36561 90 0.335798 15.4943
0.35 0.00203481 0.078264 0.00894921 0.0149748 0.625817 0.0756353 0.0588772 3.08734 0.420479 90 0.329846 16.7976
0.4 0.00285609 0.113538 0.0132846 0.0178506 0.785311 0.0978766 0.0557829 3.30429 0.472925 90 0.310917 17.8193
0.45 0.00381639 0.157062 0.0188017 0.0205182 0.954159 0.122613 0.0505968 3.47365 0.522688 90 0.280653 18.5871
0.5 0.00490281 0.209261 0.0256249 0.0228797 1.12995 0.149684 0.0435803 3.59824 0.56951 90 0.240643 19.1254
0.55 0.00609784 0.270447 0.0338712 0.0248501 1.3104 0.17891 0.034995 3.68087 0.613132 90 0.192428 19.4561
0.6 0.00738009 0.340828 0.0436496 0.0263575 1.49336 0.2101 0.0251022 3.72434 0.653295 90 0.1375 19.5986
0.65 0.00872488 0.420511 0.0550605 0.0273429 1.6768 0.243045 0.0141634 3.73148 0.689741 90 0.0773128 19.5703
0.7 0.0101049 0.509516 0.0681949 0.0277607 1.85883 0.277524 0.00244029 3.70508 0.72221 90 0.0132796 19.3869
0.75 0.0114909 0.607778 0.0831339 0.0275782 2.03771 0.313301 -0.00980582 3.64797 0.750444 90 -0.0532184 19.0624
0.8 0.0128524 0.715153 0.0999482 0.0267758 2.21182 0.350129 -0.0223134 3.56296 0.774184 90 -0.120828 18.6103
0.85 0.0141581 0.831431 0.118697 0.0253469 2.37972 0.387749 -0.034821 3.45286 0.79317 90 -0.188219 18.0428
0.9 0.0153767 0.956336 0.139427 0.023298 2.5401 0.425893 -0.0470671 3.32048 0.807145 90 -0.254077 17.3719
0.95 0.0164779 1.08954 0.162175 0.0206489 2.69183 0.464285 -0.0587902 3.16863 0.815849 90 -0.3171 16.6093
1 0.0174322 1.23066 0.186961 0.0174321 2.83393 0.502642 -0.0697288 3.00012 0.819024 90 -0.375986 15.7665
1.05 0.0182124 1.37928 0.213793 0.0136934 2.96564 0.540676 -0.0796215 2.81777 0.81641 90 -0.429433 14.8552
1.1 0.0187938 1.53494 0.242665 0.00949174 3.08635 0.578098 -0.0882068 2.62439 0.80775 90 -0.476123 13.8873
1.15 0.019155 1.69716 0.273555 0.00489891 3.19567 0.614617 -0.0952232 2.4228 0.792783 90 -0.51472 12.8748
1.2 0.0192786 1.86543 0.306425 -7.35056e-08 3.29341 0.649942 -0.100409 2.21579 0.771251 90 -0.543856 11.8304
1.25 0.0191515 2.03925 0.341223 -0.00510715 3.37961 0.683789 -0.103503 2.00619 0.742895 90 -0.562121 10.7668
1.3 0.0187662 2.21808 0.377876 -0.0103112 3.45454 0.715879 -0.104244 1.7968 0.707457 90 -0.568052 9.69739
1.35 0.0181209 2.4014 0.416296 -0.015488 3.51872 0.745942 -0.10237 1.59045 0.664678 90 -0.560119 8.63602
1.4 0.0172202 2.5887 0.456376 -0.0205003 3.57292 0.773721 -0.0976199 1.38994 0.614298 90 -0.536711 7.59689
1.45 0.0160761 2.77947 0.49799 -0.0251977 3.61821 0.798974 -0.0897318 1.19808 0.556059 90 -0.496118 6.59468
1.5 0.0147084 2.97325 0.540993 -0.0294168 3.65593 0.821477 -0.0784444 1.01768 0.489702 90 -0.436509 5.64456
1.55 0.0131453 3.16957 0.585219 -0.0329811 3.68772 0.841029 -0.0634963 0.851563 0.414969 90 -0.355915 4.76222
1.6 0.0114243 3.36802 0.63048 -0.035701 3.71557 0.857451 -0.044626 0.702534 0.3316 90 -0.2522 3.96396
1.65 0.00959264 3.56824 0.676568 -0.037374 3.74179 0.870596 -0.021572 0.573406 0.239336 90 -0.123032 3.26678
1.7 0.00770796 3.76989 0.723252 -0.0377842 3.76905 0.880349 0.00592721 0.466992 0.137919 90 0.0341497 2.68861
1.75 0.00583908 3.97271 0.77028 -0.0367028 3.80041 0.886629 0.038133 0.386103 0.0270903 90 0.222179 2.24844
1.8 0.00406656 4.17651 0.817373 -0.0338881 3.83932 0.889399 0.075307 0.333552 -0.0934098 90 0.444207 1.9667
1.85 0.00248341 4.38115 0.86423 -0.0290849 3.88964 0.888665 0.117711 0.31215 -0.22384 90 0.703758 1.86555
1.9 0.00119567 4.58657 0.910526 -0.0220255 3.95569 0.884483 0.165605 0.324709 -0.364458 90 1.0048 1.96928
1.95 0.000323142 4.79281 0.955909 -0.0124285 4.04222 0.876961 0.219252 0.374042 -0.515524 90 1.35182 2.30473
2 0 5 1 0 4.15448 0.866267 0.278914 0.462964 -0.677296 90 1.74992 2.90172
2.05 0.000382114 5.20835 1.0424 0.0160962 4.18071 0.828137 0.376277 0.592667 -0.849459 90 2.40549 3.78222
2.1 0.0017182 5.41819 1.08267 0.0386632 4.21429 0.781202 0.537375 0.757896 -1.0294 90 3.50348 4.92594
2.15 0.00440929 5.62994 1.12036 0.0705686 4.25658 0.725195 0.753992 0.95178 -1.21393 90 5.01473 6.29665
2.2 0.00899521 5.84406 1.15502 0.114119 4.30828 0.66007 1.01791 1.16745 -1.39986 90 6.90387 7.84947
2.25 0.016134 6.06111 1.18619 0.171031 4.36939 0.586007 1.32091 1.39803 -1.58401 90 9.12618 9.52936
2.3 0.0265816 6.28166 1.21339 0.242441 4.43919 0.503416 1.65477 1.63665 -1.76319 90 11.6252 11.2715
2.35 0.0411708 6.50629 1.23619 0.328937 4.51632 0.412913 2.01127 1.87644 -1.9342 90 14.3315 13.0038
2.4 0.0607911 6.73562 1.25415 0.430639 4.59897 0.315301 2.38221 2.11053 -2.09387 90 17.1641 14.6522
2.45 0.0863683 6.97022 1.26688 0.547299 4.68507 0.211525 2.75935 2.33204 -2.239 90 20.0331 16.1465
2.5 0.118843 7.21065 1.27402 0.678439 4.77259 0.102615 3.13448 2.53411 -2.36641 90 22.8451 17.426
2.55 0.159153 7.4574 1.27524 0.82353 4.85992 -0.0103735 3.49939 2.70987 -2.4729 90 25.5087 18.4429
2.6 0.208206 7.71093 1.27029 0.98219 4.94628 -0.126447 3.84585 2.85244 -2.5553 90 27.9398 19.1631
2.65 0.266869 7.97158 1.25896 1.15443 5.03223 -0.244763 4.16564 2.95495 -2.61041 90 30.065 19.5641
2.7 0.335939 8.2396 1.24111 1.34092 5.12026 -0.364735 4.45056 3.01053 -2.63505 90 31.8229 19.6305
2.75 0.416126 8.51514 1.21667 1.54329 5.21542 -0.486153 4.69237 3.0123 -2.62603 90 33.1637 19.3499
2.8 0.508034 8.7982 1.18568 1.7645 5.32601 -0.609317 4.88286 2.95341 -2.58016 90 34.0465 18.7079
2.85 0.612136 9.08862 1.14825 2.00916 5.46445 -0.735176 5.01382 2.82697 -2.49425 90 34.4369 17.6848
2.9 0.728758 9.3861 1.10459 2.28398 5.64801 -0.865492 5.07702 2.62612 -2.36512 90 34.304 16.2523
2.95 0.858058 9.69013 1.05503 2.59819 5.89987 -1.00301 5.06425 2.34398 -2.18958 90 33.6182 14.3732
3 1 10 1 2.96402 6.25 -1.15163 4.96729 1.97369 -1.96443 90 32.3503 12.0031
3.05 1.15434 10.3148 0.940073 3.20809 6.3375 -1.24315 4.78071 1.51135 -1.68849 90 30.4934 9.11368
3.1 1.32062 10.6333 0.875934 3.44067 6.39972 -1.31974 4.51019 0.965012 -1.3685 90 28.1245 5.75935
3.15 1.49815 10.9543 0.808381 3.65765 6.43269 -1.37941 4.16421 0.345725 -1.0132 90 25.3403 2.03505
3.2 1.68609 11.2761 0.738301 3.85519 6.43292 -1.42062 3.75126 -0.335476 -0.631336 90 22.2368 -1.93836
3.25 1.88338 11.597 0.666646 4.02967 6.39736 -1.44225 3.2798 -1.06755 -0.231641 90 18.9083 -6.02115
3.3 2.08887 11.9153 0.594414 4.17774 6.32347 -1.44363 2.75832 -1.83947 0.177145 90 15.4444 -10.0703
3.35 2.30125 12.2289 0.522625 4.29629 6.20918 -1.42453 2.1953 -2.64019 0.586282 90 11.9273 -13.9582
3.4 2.5191 12.536 0.452299 4.3826 6.05293 -1.38514 1.5992 -3.45867 0.98703 90 8.4277 -17.5873
3.45 2.74095 12.8344 0.384438 4.43439 5.85376 -1.32611 0.978517 -4.28388 1.37065 90 5.00321 -20.8971
3.5 2.96524 13.1221 0.319998 4.45004 5.61133 -1.24851 0.341715 -5.10477 1.7284 90 1.69684 -23.8622
3.55 3.19039 13.397 0.259872 4.42871 5.32603 -1.15385 -0.302726 -5.91032 2.05155 90 -1.46238 -26.485
3.6 3.41477 13.6572 0.204866 4.37059 4.99905 -1.04408 -0.946328 -6.68947 2.33135 90 -4.458 -28.7866
3.65 3.6368 13.9007 0.155677 4.27714 4.63254 -0.92158 -1.58061 -7.4312 2.55906 90 -7.28418 -30.7993
3.7 3.85487 14.1256 0.112873 4.15142 4.22968 -0.789183 -2.19711 -8.12446 2.72595 90 -9.94355 -32.5594
3.75 4.06746 14.3302 0.0768695 3.99838 3.79486 -0.650144 -2.78733 -8.75822 2.82328 90 -12.4453 -34.1041
3.8 4.27309 14.5129 0.0479079 3.82523 3.33385 -0.50816 -3.34281 -9.32144 2.8423 90 -14.8034 -35.4689
3.85 4.47037 14.6723 0.026034 3.64184 2.85395 -0.367364 -3.85506 -9.80308 2.77428 90 -17.0362 -36.6865
3.9 4.65802 14.8072 0.0110758 3.4612 2.36418 -0.232328 -4.31561 -10.1921 2.61048 90 -19.165 -37.7871
3.95 4.8349 14.9167 0.00262199 3.29986 1.87551 -0.108058 -4.71598 -10.4775 2.34216 90 -21.2155 -38.7985
4 5 15 0 3.17843 1.40107 0 -5.0477 -10.6481 1.96057 90 -23.2175 -39.7474
4.05 5.1525 15.0567 0.00227147 2.91932 0.866954 0.0873641 -5.30439 -10.6963 1.54119 90 -25.0531 -40.494
4.1 5.29175 15.0867 0.00840472 2.64921 0.333407 0.154824 -5.48817 -10.6267 1.16409 90 -26.5767 -40.902
4.15 5.41729 15.0902 0.0174566 2.37165 -0.193885 0.204447 -5.60322 -10.4474 0.827422 90 -27.7853 -40.9962
4.2 5.52884 15.0675 0.0285851 2.08996 -0.709638 0.238209 -5.65376 -10.1664 0.529354 90 -28.6785 -40.792
4.25 5.62627 15.0195 0.0410447 1.80727 -1.20897 0.257995 -5.644 -9.79185 0.268047 90 -29.2582 -40.2957
4.3 5.7096 14.947 0.0541816 1.5265 -1.6874 0.265596 -5.57814 -9.33162 0.0416622 90 -29.5275 -39.5045
4.35 5.779 14.8511 0.0674296 1.25033 -2.14084 0.262713 -5.46039 -8.79378 -0.151638 90 -29.4903 -38.4072
4.4 5.83475 14.7334 0.080305 0.981252 -2.56561 0.250953 -5.29496 -8.18635 -0.313691 90 -29.1518 -36.9844
4.45 5.87728 14.5951 0.0924023 0.721554 -2.95845 0.231834 -5.08605 -7.51736 -0.446336 90 -28.518 -35.2093
4.5 5.9071 14.4381 0.103389 0.473301 -3.31646 0.206779 -4.83787 -6.79482 -0.55141 90 -27.5968 -33.0494
4.55 5.92483 14.2641 0.113004 0.238351 -3.63717 0.177121 -4.55463 -6.02675 -0.630752 90 -26.3984 -30.4689
4.6 5.93119 14.075 0.121046 0.0183522 -3.91851 0.144102 -4.24054 -5.22117 -0.6862 90 -24.936 -27.434
4.65 5.92694 13.8729 0.127377 -0.185259 -4.1588 0.108869 -3.8998 -4.38611 -0.719591 90 -23.2271 -23.9199
4.7 5.91295 13.6599 0.131913 -0.371254 -4.35676 0.0724799 -3.53662 -3.52958 -0.732763 90 -21.2938 -19.9219
4.75 5.89013 13.438 0.134622 -0.538617 -4.51153 0.0358991 -3.15521 -2.65961 -0.727556 90 -19.1636 -15.467
4.8 5.85942 13.2094 0.135515 -0.686541 -4.62263 7.85875e-09 -2.75977 -1.78421 -0.705805 90 -16.8696 -10.6259
4.85 5.82181 12.9764 0.134646 -0.814431 -4.68999 -0.0344363 -2.35451 -0.911406 -0.669351 90 -14.4497 -5.51711
4.9 5.77831 12.7412 0.132107 -0.921899 -4.71395 -0.0667207 -1.94364 -0.049217 -0.62003 90 -11.9461 -0.30031
4.95 5.72996 12.5058 0.12802 -1.00877 -4.69523 -0.0962556 -1.53137 0.794336 -0.559682 90 -9.40329 4.84413
5 5.67778 12.2723 0.122536 -1.07508 -4.63496 -0.122536 -1.1219 1.61123 -0.490143 90 -6.86653 9.74288
5.05 5.62279 12.0429 0.115828 -1.12108 -4.53468 -0.145147 -0.719438 2.39345 -0.413252 90 -4.37972 14.2548
5.1 5.566 11.8195 0.108087 -1.14721 -4.39633 -0.163769 -0.328194 3.13298 -0.330846 90 -1.98364 18.2852
5.15 5.50839 11.6039 0.0995211 -1.15415 -4.22223 -0.178171 0.0476265 3.82178 -0.244765 90 0.28538 21.7858
5.2 5.45089 11.3978 0.0903431 -1.14278 -4.01513 -0.188215 0.403816 4.45185 -0.156846 90 2.39626 24.7468
5.25 5.3944 11.2029 0.080773 -1.11417 -3.77816 -0.193855 0.736167 5.01516 -0.0689263 90 4.32331 27.1832
5.3 5.33974 11.0204 0.0710303 -1.06963 -3.51486 -0.195138 1.04047 5.50369 0.017155 90 6.04585 29.1233
5.35 5.28768 10.8518 0.0613296 -1.01066 -3.22917 -0.192201 1.31253 5.90943 0.0995602 90 7.54746 30.5988
5.4 5.23889 10.6978 0.0518767 -0.938984 -2.92543 -0.185274 1.54812 6.22434 0.176451 90 8.81487 31.6382
5.45 5.19396 10.5594 0.0428634 -0.856527 -2.60838 -0.174678 1.74305 6.44042 0.24599 90 9.83682 32.2622
5.5 5.15338 10.4371 0.0344632 -0.765427 -2.28317 -0.160828 1.8931 6.54963 0.306339 90 10.6028 32.4803
5.55 5.11752 10.3312 0.0268265 -0.668035 -1.95533 -0.144228 1.99407 6.54397 0.35566 90 11.1017 32.2886
5.6 5.08664 10.2415 0.0200762 -0.566908 -1.63082 -0.125477 2.04176 6.4154 0.392114 90 11.3207 31.6662
5.65 5.06085 10.1679 0.0143032 -0.464817 -1.31597 -0.105262 2.03194 6.15591 0.413864 90 11.2444 30.5724
5.7 5.04012 10.1097 0.00956146 -0.364742 -1.01754 -0.0843658 1.96043 5.75748 0.419072 90 10.8528 28.9412
5.75 5.02428 10.0658 0.00586352 -0.269873 -0.742675 -0.0636611 1.82301 5.21209 0.405899 90 10.1211 26.6759
5.8 5.01299 10.0349 0.00317612 -0.18361 -0.498917 -0.0441128 1.61547 4.51172 0.372508 90 9.01783 23.6415
5.85 5.00572 10.0152 0.0014154 -0.109565 -0.294219 -0.0267779 1.3336 3.64834 0.317061 90 7.50441 19.6613
5.9 5.00177 10.0047 0.000442354 -0.0515586 -0.136933 -0.012805 0.97321 2.61395 0.237719 90 5.53417 14.522
5.95 5.00023 10.0006 5.82427e-05 -0.013623 -0.0358088 -0.00343483 0.530077 1.40051 0.132645 90 3.05278 8.00928
