0 0 0 0 0 0 0 0 0 0 90 0 0
0.05 0.000159376 0.000145757 -4.16116e-05 0.00938578 0.00870005 -0.00242467 0.361384 0.344382 -0.091269 90 2.13025 2.02872
0.1 0.00120526 0.00114801 -0.000304522 0.0347824 0.0340817 -0.00857699 0.64141 0.667373 -0.149543 90 3.79991 3.94458
0.15 0.00383894 0.00381438 -0.000934964 0.0722683 0.0750918 -0.0168729 0.845928 0.969631 -0.177449 90 5.02056 5.72821
0.2 0.00857293 0.00890064 -0.00200325 0.118214 0.13071 -0.0258595 0.980791 1.25181 -0.177612 90 5.81595 7.36944
0.25 0.0157456 0.0171124 -0.00351033 0.169284 0.19995 -0.0342154 1.05185 1.51458 -0.152657 90 6.21812 8.86465
0.3 0.0255358 0.0291067 -0.00539437 0.222433 0.281856 -0.0407504 1.06495 1.7586 -0.105211 90 6.26442 10.2145
0.35 0.0379776 0.0454937 -0.00753729 0.274911 0.375508 -0.0444054 1.02595 1.98451 -0.0378991 90 5.99544 11.4222
0.4 0.0529746 0.0668384 -0.00977138 0.324257 0.480017 -0.0442529 0.940699 2.19299 0.0466526 90 5.45353 12.4925
0.45 0.0703149 0.0936621 -0.0118858 0.368307 0.594527 -0.0394966 0.815046 2.38469 0.145819 90 4.68172 13.4312
0.5 0.0896856 0.126444 -0.0136331 0.405186 0.718217 -0.0294713 0.654842 2.56027 0.256973 90 3.723 14.2448
0.55 0.110687 0.165624 -0.0147361 0.433313 0.850296 -0.0136433 0.465939 2.72038 0.37749 90 2.61954 14.9407
0.6 0.132849 0.211601 -0.014894 0.451399 0.990008 0.00838998 0.254187 2.86569 0.504743 90 1.41212 15.5269
0.65 0.155643 0.26474 -0.0137891 0.458449 1.13663 0.0368996 0.0254377 2.99686 0.636108 90 0.139568 16.0124
0.7 0.178498 0.325367 -0.0110937 0.453757 1.28947 0.0720256 -0.214458 3.11454 0.768958 90 -1.16172 16.4066
0.75 0.200816 0.393779 -0.00647607 0.436914 1.44787 0.113776 -0.459649 3.21939 0.900668 90 -2.45811 16.72
0.8 0.221985 0.470237 0.000392415 0.407802 1.61121 0.16203 -0.704285 3.31208 1.02861 90 -3.71896 16.9634
0.85 0.241395 0.554972 0.0098311 0.366593 1.77889 0.216531 -0.942515 3.39326 1.15016 90 -4.91653 17.1478
0.9 0.258451 0.648188 0.0221433 0.313754 1.95035 0.276896 -1.16849 3.46358 1.2627 90 -6.02586 17.2846
0.95 0.272589 0.750061 0.0376098 0.250046 2.12507 0.342607 -1.37635 3.52372 1.36359 90 -7.02435 17.3847
1 0.283291 0.860742 0.0564823 0.176519 2.30256 0.413016 -1.56026 3.57432 1.45021 90 -7.8912 17.4592
1.05 0.290099 0.980356 0.0789769 0.0945172 2.48236 0.487346 -1.71435 3.61605 1.51993 90 -8.60675 17.5187
1.1 0.292629 1.10901 0.105267 0.00567806 2.66403 0.564684 -1.83278 3.64956 1.57014 90 -9.15164 17.5733
1.15 0.290585 1.24678 0.135478 -0.0880693 2.84719 0.64399 -1.9097 3.67552 1.59819 90 -9.50581 17.6329
1.2 0.283777 1.39375 0.169679 -0.184503 3.03147 0.724091 -1.93926 3.69457 1.60148 90 -9.64746 17.7069
1.25 0.272132 1.54994 0.207879 -0.281109 3.21654 0.803681 -1.91561 3.70739 1.57737 90 -9.55177 17.8045
1.3 0.25571 1.71541 0.250015 -0.375079 3.40211 0.881327 -1.83289 3.71463 1.52323 90 -9.18939 17.9344
1.35 0.234719 1.89016 0.295953 -0.463315 3.58792 0.95546 -1.68525 3.71695 1.43644 90 -8.52471 18.105
1.4 0.20953 2.0742 0.345474 -0.542425 3.77374 1.02438 -1.46685 3.71501 1.31438 90 -7.51385 18.324
1.45 0.18069 2.26753 0.398274 -0.608723 3.95936 1.08627 -1.17182 3.70946 1.15442 90 -6.10219 18.5983
1.5 0.148938 2.47013 0.453951 -0.658233 4.14463 1.13915 -0.794334 3.70096 0.953927 90 -4.22186 18.9322
1.55 0.115218 2.68199 0.512004 -0.686684 4.32942 1.18094 -0.328524 3.69019 0.710283 90 -1.7892 19.3262
1.6 0.0806961 2.90306 0.571823 -0.689516 4.51363 1.20941 0.231457 3.67778 0.420861 90 1.29643 19.7737
1.65 0.0467739 3.13334 0.632685 -0.661872 4.69718 1.22222 0.891459 3.66441 0.0830349 90 5.15074 20.2557
1.7 0.0151024 3.37277 0.693743 -0.598605 4.88006 1.21687 1.65733 3.65072 -0.305822 90 9.89517 20.7335
1.75 -0.0124024 3.62133 0.754025 -0.494276 5.06226 1.19074 2.53493 3.63739 -0.748334 90 15.6341 21.1413
1.8 -0.0335454 3.87899 0.812425 -0.343152 5.24382 1.1411 3.53011 3.62506 -1.24713 90 22.4122 21.3814
1.85 -0.0458375 4.1457 0.867695 -0.139209 5.42479 1.06505 4.6487 3.6144 -1.80483 90 30.1547 21.3341
1.9 -0.0464808 4.42146 0.91844 0.123873 5.6053 0.959588 5.89658 3.60606 -2.42407 90 38.6149 20.8898
1.95 -0.0323546 4.70623 0.963111 0.452702 5.78545 0.821572 7.27958 3.60071 -3.10746 90 47.3775 19.9998
2 0 5 1 0.854181 5.96543 0.647729 8.80356 3.59901 -3.85764 90 55.9511 18.7126
2.05 0.0530418 5.30237 1.02779 1.25396 6.12105 0.468289 7.18069 2.6186 -3.31925 90 47.9037 15.1413
2.1 0.12403 5.61127 1.04728 1.5718 6.22674 0.315792 5.53067 1.60508 -2.78158 90 38.2125 10.1774
2.15 0.208845 5.92419 1.05981 1.80709 6.28133 0.189955 3.88406 0.577995 -2.25446 90 27.2166 3.89354
2.2 0.303377 6.23855 1.06671 1.96077 6.28464 0.0900055 2.27138 -0.443083 -1.74774 90 15.7403 -3.0292
2.25 0.403602 6.55181 1.06922 2.0353 6.23745 0.0146772 0.723161 -1.43859 -1.27125 90 4.84282 -9.53342
2.3 0.505654 6.86148 1.06855 2.03467 6.14153 -0.0377871 -0.73005 -2.38897 -0.834819 90 -4.65199 -14.8635
2.35 0.605907 7.16519 1.06579 1.96439 5.99963 -0.0696364 -2.05772 -3.27465 -0.448291 90 -12.4009 -18.868
2.4 0.701048 7.46074 1.06189 1.8315 5.81547 -0.0836118 -3.22932 -4.07607 -0.121502 90 -18.44 -21.7643
2.45 0.788155 7.74612 1.05767 1.64456 5.59375 -0.0829461 -4.21431 -4.77368 0.135713 90 -22.9709 -23.8484
2.5 0.864771 8.01958 1.05378 1.41368 5.34016 -0.071364 -4.98216 -5.34789 0.313517 90 -26.211 -25.3657
2.55 0.928984 8.27971 1.05065 1.15048 5.06134 -0.0530819 -5.50233 -5.77916 0.402073 90 -28.3239 -26.4883
2.6 0.979499 8.52542 1.0485 0.868088 4.76495 -0.0328081 -5.74429 -6.04792 0.391545 90 -29.391 -27.3258
2.65 1.01572 8.75605 1.04731 0.581194 4.45959 -0.0157428 -5.67749 -6.1346 0.272096 90 -29.3931 -27.9377
2.7 1.03781 8.97139 1.04678 0.305994 4.15485 -0.00757777 -5.27141 -6.01965 0.0338906 90 -28.1772 -28.3347
2.75 1.04681 9.17173 1.0463 0.0602165 3.86131 -0.0144969 -4.49551 -5.6835 -0.332909 90 -25.3854 -28.4575
2.8 1.04464 9.3579 1.04497 -0.136885 3.59051 -0.0431758 -3.31926 -5.10658 -0.838138 90 -20.3096 -28.1018
2.85 1.03427 9.53136 1.0415 -0.264528 3.35499 -0.100782 -1.71212 -4.26933 -1.49163 90 -11.635 -26.6977
2.9 1.01972 9.69421 1.03428 -0.300406 3.16824 -0.194974 0.35645 -3.1522 -2.30323 90 2.71979 -22.7643
2.95 1.00616 9.84924 1.02126 -0.220684 3.04476 -0.333904 2.91698 -1.73561 -3.28277 90 24.0905 -13.651
3 1 10 1 0 3 -0.526214 6 0 -4.44009 90 48.1897 2.61497e-15
3.05 1.00767 10.1503 0.968274 0.310647 3.01575 -0.739891 6.45204 0.673893 -4.08803 90 48.4486 4.46936
3.1 1.0315 10.3022 0.92635 0.647415 3.07119 -0.933282 7.03672 1.57592 -3.63184 90 48.7326 9.55529
3.15 1.07294 10.4582 0.875363 1.01571 3.17595 -1.10166 7.70518 2.63431 -3.09089 90 48.9249 14.4524
3.2 1.13365 10.6208 0.816663 1.41852 3.33603 -1.24128 8.40859 3.77729 -2.48452 90 48.9509 18.7152
3.25 1.21538 10.7928 0.751761 1.85634 3.55389 -1.34935 9.09812 4.93309 -1.83208 90 48.7652 22.1832
3.3 1.31984 10.9771 0.682285 2.32728 3.82836 -1.42404 9.72491 6.02994 -1.15292 90 48.3357 24.8541
3.35 1.44859 11.1765 0.609928 2.82697 4.1547 -1.46452 10.2401 6.99606 -0.46641 90 47.6314 26.7831
3.4 1.6029 11.3933 0.536402 3.34862 4.52459 -1.47088 10.5949 7.75969 0.208113 90 46.6125 28.0241
3.45 1.78366 11.6295 0.463391 3.88298 4.9261 -1.44423 10.7405 8.24906 0.851291 90 45.2211 28.598
3.5 1.99122 11.8862 0.392496 4.41837 5.34373 -1.3866 10.628 8.39238 1.44377 90 43.3704 28.4693
3.55 2.22528 12.1638 0.325197 4.94067 5.75838 -1.30102 10.2085 8.1179 1.9662 90 40.9294 27.5178
3.6 2.48479 12.4616 0.262795 5.4333 6.14736 -1.19147 9.43332 7.35383 2.39923 90 37.6987 25.4875
3.65 2.7678 12.7777 0.206368 5.87725 6.4844 -1.06291 8.2535 6.02842 2.72351 90 33.3725 21.8894
3.7 3.07135 13.1087 0.156723 6.25109 6.73965 -0.921253 6.62022 4.06988 2.91968 90 27.4834 15.8391
3.75 3.39134 13.4497 0.114346 6.5309 6.87964 -0.773397 4.48466 1.40645 2.96839 90 19.3435 5.93053
3.8 3.72244 13.7941 0.079356 6.69037 6.86735 -0.627194 1.79797 -2.03365 2.85029 90 8.08499 -9.03876
3.85 4.0579 14.1332 0.0514527 6.7007 6.66214 -0.491471 -1.48869 -6.32219 2.54602 90 -6.87191 -26.9365
3.9 4.3895 14.4564 0.0298716 6.53069 6.21979 -0.376018 -5.42416 -11.5309 2.03623 90 -24.6083 -41.5162
3.95 4.7074 14.7505 0.0133343 6.14666 5.49251 -0.291595 -10.0573 -17.7317 1.30158 90 -42.1574 -49.7995
4 5 15 0 5.51252 4.4289 -0.24993 -15.4369 -24.9961 0.322703 90 -56.7279 -53.5484
4.05 5.25674 15.1909 -0.0120773 4.76535 3.22286 -0.232862 -14.4527 -23.2482 0.358763 90 -54.879 -52.7637
4.1 5.47735 15.3237 -0.0232593 4.06696 2.10376 -0.214176 -13.4861 -21.5189 0.387488 90 -52.9143 -51.8464
4.15 5.66424 15.4027 -0.0334739 3.41643 1.07061 -0.194229 -12.5381 -19.8111 0.409278 90 -50.8272 -50.7729
4.2 5.81977 15.4322 -0.0426668 2.81282 0.122245 -0.173357 -11.6099 -18.128 0.424536 90 -48.6119 -49.5147
4.25 5.94628 15.4164 -0.0507995 2.2551 -0.742648 -0.151878 -10.7023 -16.4726 0.433659 90 -46.2637 -48.038
4.3 6.04603 15.3593 -0.0578494 1.74223 -1.52553 -0.130087 -9.81645 -14.8482 0.43705 90 -43.7799 -46.3027
4.35 6.12123 15.2651 -0.0638077 1.27308 -2.22803 -0.108262 -8.95339 -13.2576 0.435108 90 -41.1601 -44.2621
4.4 6.17405 15.1378 -0.0686792 0.846489 -2.85191 -0.0866583 -8.11413 -11.7041 0.428234 90 -38.4071 -41.8637
4.45 6.20657 14.9812 -0.0724811 0.461249 -3.39911 -0.0655137 -7.29971 -10.1907 0.416827 90 -35.5274 -39.0499
4.5 6.22084 14.7992 -0.0752419 0.116087 -3.8717 -0.0450444 -6.51115 -8.72048 0.40129 90 -32.5318 -35.763
4.55 6.21883 14.5953 -0.0770001 -0.190314 -4.27193 -0.0254469 -5.74949 -7.29654 0.382021 90 -29.4361 -31.9514
4.6 6.20243 14.3731 -0.077804 -0.459327 -4.60218 -0.00689779 -5.01575 -5.92197 0.359422 90 -26.2609 -27.5825
4.65 6.17349 14.1362 -0.07771 -0.692372 -4.865 0.0104465 -4.31098 -4.59984 0.333893 90 -23.0315 -22.6582
4.7 6.13377 13.8877 -0.0767818 -0.890925 -5.06309 0.0264493 -3.6362 -3.33325 0.305833 90 -19.7773 -17.2326
4.75 6.08495 13.6309 -0.0750894 -1.05651 -5.1993 0.0409943 -2.99245 -2.12527 0.275644 90 -16.531 -11.4245
4.8 6.02864 13.3688 -0.0727083 -1.1907 -5.27664 0.0539849 -2.38075 -0.979 0.243726 90 -13.3267 -5.41467
4.85 5.96638 13.1042 -0.0697181 -1.29514 -5.29828 0.0653448 -1.80214 0.102484 0.21048 90 -10.1988 0.576906
4.9 5.8996 12.8398 -0.0662019 -1.37149 -5.26752 0.0750174 -1.25766 1.1161 0.176305 90 -7.18031 6.32957
4.95 5.82967 12.5782 -0.0622451 -1.42149 -5.18785 0.0829665 -0.748321 2.05875 0.141602 90 -4.30176 11.66
5 5.75786 12.3218 -0.0579343 -1.44692 -5.06288 0.0891755 -0.27517 2.92736 0.106772 90 -1.58997 16.4455
5.05 5.68535 12.0726 -0.0533565 -1.44962 -4.8964 0.0936482 0.160764 3.71885 0.0722146 90 0.932322 20.6261
5.1 5.61324 11.8328 -0.048598 -1.43148 -4.69234 0.0964082 0.55845 4.43012 0.0383305 90 3.24659 24.1927
5.15 5.54252 11.6039 -0.0437435 -1.39443 -4.45478 0.0974992 0.916856 5.0581 0.00552009 90 5.33826 27.1695
5.2 5.47408 11.3878 -0.0388748 -1.34047 -4.18797 0.0969848 1.23495 5.59969 -0.0258162 90 7.19621 29.5969
5.25 5.40872 11.1856 -0.0340704 -1.27163 -3.8963 0.0949488 1.5117 6.05182 -0.0552781 90 8.81209 31.5202
5.3 5.34713 10.9985 -0.0294036 -1.19001 -3.58433 0.0914949 1.74607 6.41139 -0.082465 90 10.1795 32.9814
5.35 5.2899 10.8274 -0.0249425 -1.09774 -3.25675 0.0867469 1.93704 6.67533 -0.106977 90 11.2935 34.0145
5.4 5.2375 10.673 -0.0207481 -0.997042 -2.91844 0.0808485 2.08357 6.84055 -0.128413 90 12.1494 34.6432
5.45 5.1903 10.5356 -0.0168741 -0.890146 -2.57439 0.0739635 2.18462 6.90396 -0.146373 90 12.7428 34.8793
5.5 5.14855 10.4156 -0.0133651 -0.779355 -2.22979 0.0662758 2.23918 6.86248 -0.160456 90 13.0686 34.7217
5.55 5.11239 10.3126 -0.0102565 -0.66702 -1.88995 0.0579892 2.24619 6.71303 -0.170263 90 13.1211 34.1548
5.6 5.08183 10.2264 -0.00757249 -0.555545 -1.56034 0.0493275 2.20464 6.45251 -0.175392 90 12.8932 33.1471
5.65 5.05678 10.1563 -0.00532592 -0.447383 -1.2466 0.0405346 2.11349 6.07785 -0.175444 90 12.3769 31.6493
5.7 5.037 10.1014 -0.00351683 -0.34504 -0.954507 0.0318744 1.97171 5.58596 -0.170018 90 11.5635 29.592
5.75 5.02213 10.0604 -0.00213155 -0.251073 -0.690006 0.0236307 1.77827 4.97375 -0.158713 90 10.4433 26.8843
5.8 5.01171 10.0318 -0.00114176 -0.168091 -0.459189 0.0161077 1.53213 4.23814 -0.14113 90 9.00732 23.4161
5.85 5.0051 10.0138 -0.000503392 -0.0987547 -0.268301 0.00962907 1.23227 3.37604 -0.116867 90 7.24752 19.0666
5.9 5.00156 10.0042 -0.00015572 -0.0457764 -0.123744 0.00453893 0.877647 2.38438 -0.085525 90 5.15882 13.7276
5.95 5.0002 10.0005 -2.03026e-05 -0.0119198 -0.0320735 0.00120124 0.467235 1.26006 -0.0467027 90 2.74081 7.34817
